BACKGROUND_WIDTH:192.51201
CARD_TEXT_FONT:null
BORDER_BOTTOM:4.778667
CARD_TEXT_AFTER_MARGIN:3.4133337
BORDER_SIDE:6.144
HEIGHT:283.98935
ART_HEIGHT:117.41867
ART_MARGIN:12.288
ART_WIDTH:180.224
RULE_MARGIN:12.288
BACKGROUND_HEIGHT:273.06668
WIDTH:204.8
